   4.6194235757988276        3.9073400582239031     
   4.9572854566234987        4.2525800633683799     
   4.4515977344589936        3.7701849065801318     
   4.5850682822934390        3.7511053380958250     
   4.7939490730093457        3.9994822685969291     
   4.6679356417075653        3.9630723485143786     
   4.7041260758590218        3.8761485142191132     
   4.4795564434158477        3.6706437284768527     
   5.0131787482171752        4.2537841888663230     
   4.9713761741948090        4.1495594688332540     
   4.6759392469661787        3.9074910123261524     
   4.7300332654400323        3.9928155196775870     
   4.6047379567631612        3.9472799167990535     
   4.6162302686529086        3.9597605506250293     
   4.5927016725434564        3.8769100837104609     
   4.3210352123999334        3.6814119679773127     
   4.9609579889269195        4.2602212061822424     
   5.0011866388905943        4.2749715982220398     
   4.9756254677251643        4.1089328673278702     
   4.7986077634053572        3.9931350866623490     
   4.2495060631398349        3.4889371270092138     
   5.0782797230637113        4.2632335076671284     
   4.5475639244985766        3.8345834237797445     
   4.8440676928195643        4.1022707142885961     
   5.1550503290799945        4.2961103165570318     
   4.8636881789913877        4.2010360208003137     
   4.8681104709611018        4.1082996141784340     
   4.6792042570069539        3.9345905735899676     
   4.9502941881649702        4.2160542289241034     
   4.9584995996346128        4.2401865273237025     
   4.8801119322434818        4.1484348879564958     
   4.3990335005100443        3.7820204806164961     
   4.4212063178402490        3.8256047201259520     
   4.7587620858232489        3.9677969352847806     
   4.9980838952564373        4.2229831937873525     
   4.9185009109639317        4.1685512639762532     
   5.0453639949966647        4.2804659370439113     
   4.4196520156235932        3.7527351284401105     
   4.8086970495329382        4.0127722703149660     
   4.4133278179925224        3.7307913023731221     
   4.9581722447147172        4.2050694730604175     
   4.6167514991468810        3.9241700138146887     
   4.5202167680885559        3.7820370212767429     
   4.6104982919479500        3.8607688448899382     
   5.1423111206115104        4.3968608077583307     
   4.8414818080354420        4.0825567678748351     
   4.7851465932708930        4.1827624073880161     
   4.7343297665899433        3.9931993069633056     
   4.8973161102820661        4.1622440085622676     
   5.0306483307834728        4.2181234504349359     
   4.9459763455119763        4.1154331777247322     
   4.6945203244682423        3.9380036482408265     
   4.6896164072265627        3.9129850391480203     
   4.8717487103147219        4.2366656304912365     
   4.6814675046749903        4.0446568606700826     
   4.6393431031296393        3.9788798433899286     
   4.8821155584832523        4.1997940515218071     
   5.1617866498692493        4.3672250562967241     
   4.7691250435642232        4.0333944741422600     
   4.7797438814293089        3.9729082224609451     
   5.0348913803620121        4.3070746301804128     
   4.5869678845395505        3.8308657396843473     
   4.7760560996687493        3.9769477564611386     
   4.9364929416155627        4.3434720626227765     
   4.8267800377604706        4.0816826719418104     
   4.9424769564504007        4.1887020922765243     
   5.0463953035791977        4.2930005574306920     
   4.9381952302812238        4.1434495047822084     
   4.6488923062294303        4.0400590797215710     
   4.8612434738030821        4.1067598652954898     
   4.9176703644279840        4.1633869726592998     
   4.7814164033836501        4.0774870304192907     
   4.8841780267414929        4.2744512792942864     
   5.0603127127673098        4.3231479884399242     
   4.7971204741856903        4.0744648804342569     
   4.9672255714277647        4.2834884659689516     
   4.7886908275718412        3.9701142252393109     
   5.1558802118416649        4.3697213240339208     
   4.7981124727850544        4.0129633489978129     
   4.8564364055922207        4.0591764714064418     
   4.9801558169558851        4.2964866409226392     
   4.7774963742647216        4.0976213217793145     
   5.1619453995344600        4.3966612609753568     
   5.0617136409451833        4.3158240874507898     
   4.9448716694206221        4.1337745679780404     
   4.8451413959242302        4.0995842215285645     
   4.6059942121713773        3.8684946570650616     
   4.8439482567968639        4.0923417663806436     
   4.7088929277415383        3.9952172625933757     
   5.0904641621675939        4.3057845981211891     
   4.8260142235479595        4.0574845277012299     
   4.9448716694206221        4.1390325321163903     
   4.7141377405373550        3.9344430238677690     
   4.7168011668655518        3.9748740192902372     
   4.7241075525298450        4.0267075218226172     
   5.0513768011861551        4.4096767499493028     
   4.9425761243440034        4.1651374796253835     
   4.7987901200704117        4.0384570430776989     
   4.2662940871063881        3.5031008538002699     
   4.9468623808307131        4.1026615840344212     
   4.8740325002679166        4.0818658129845398     
   4.5691540725973887        3.7772894096859972     
   4.5686215398412644        3.8905283427733890     
   4.8333786906951417        4.0519683816190328     
   4.7953668003636842        4.0649655546527059     
   4.7875209764634645        4.0644172169645350     
   4.7772249307905073        4.0283729547074332     
   4.7791761558683774        4.0399494181599360     
   4.3541640156634926        3.5772910448257900     
   4.8231883190147382        3.9703678393230906     
   4.6591539884764614        3.8549304114029384     
   4.7568450820765698        4.1022222811278750     
   4.9365531148784418        4.1762237021305815     
   4.6784805137357646        3.9558800829472056     
   4.9491592265234701        4.1978167515923426     
   4.0643965037613450        3.4175334649252158     
   4.9970635828830483        4.2698966944464178     
   5.0146375221225474        4.2216777923279007     
   4.8330617019271216        4.0307324159625919     
   4.7289609468937126        4.0307074785822214     
   4.8617287042639985        4.1434402268420696     
   4.9206749497153899        4.1060536909449672     
   4.7143832335574647        4.0220931336938568     
   4.4790648743925585        3.7792790558156457     
   4.7067798233436440        3.9948139532673661     
   4.9594612506798255        4.2004914740321997     
   4.8652046434854430        4.1738062694745590     
   4.9362521807192747        4.0815671123000881     
   4.6552053294042324        3.9655130167107475     
   5.0771836786684137        4.3620088325589954     
   4.5368416130524301        3.7904316972618330     
   4.8097182678341364        4.1712849444569882     
   4.8296112089781653        4.0308308446840595     
   4.6246887263003478        3.8948186311973192     
   4.6031727393261317        3.8494342157610388     
   4.6202002536924951        3.8876898023510913     
   4.8674254983695349        4.2113032369333077     
   4.8622827065478127        4.1415660489941422     
   4.9808210081301763        4.2675843789319616     
   4.8471635305308327        4.0830154224816697     
   4.9836572945712785        4.1802873701911354     
   4.9290800836401560        4.0942755672494595     
   5.0209823146908841        4.2248017242344504     
   5.1184883914698700        4.2976796353404163     
   5.0111053825573588        4.2444042042865497     
   4.8605263631382378        4.0225583984007907     
   4.8816709639872009        4.2209236233566623     
   4.7734644039637875        3.9986479947844979     
   4.9158385861691336        4.2492427150186494     
   4.7084585914728274        3.9889240318995993     
   4.8601095277261823        4.3005102087025948     
   5.0213421446464190        4.2523656977851854     
   5.0584285034155343        4.3145245194314246     
   4.6548949967949254        4.0047398920352739     
   5.0286917224694587        4.4403982939270898     
   5.0424889100228523        4.2355508299746241     
   4.4598027034379362        3.6363427309057279     
   4.8496271284287094        4.1093445367940040     
   4.6004121316370910        3.7794888453587716     
   4.7698967034915487        4.0513121500492542     
   4.9430915009685830        4.2195566044962920     
   4.9366132813600387        4.2277040800576993     
   4.6599058784888943        4.0615539415618684     
   4.9317176877592903        4.1194708325648977     
   4.9307453214892236        4.2364233329276262     
   5.0598981093950046        4.1829430915307082     
   4.9939008957114321        4.2368495740939771     
   5.0366426116183991        4.3101105008856502     
   4.8765984306481558        4.1719556499069821     
   4.6099327814563331        3.9361572822533133     
   4.8443542284445380        4.0612317053970672     
   4.8121102862255425        4.1815341489497131     
   5.0193858962664155        4.2046617430143414     
   4.8998363242241689        4.1432279000589061     
   5.0534309245373672        4.1972114732833239     
   4.6563415859160200        4.0169254538968522     
   4.4482554945422423        3.7092342979318973     
   4.6038986940843492        3.8165367969908295     
   4.4333555123714898        3.6851525831530516     
   4.8117039082568747        4.0663517378733616     
   4.4709315008412922        3.7336524561157560     
   4.6271002714660803        4.0159413358621885     
   4.9679258766668459        4.1824654548835918     
   4.9678502120431345        4.1820165264569011     
   4.8220935203176740        4.1493046145894565     
   4.6887783404636307        3.8546691795990458     
   4.8641251844440587        4.3154221948448006     
   4.7842902191920871        4.0624592582953589     
   4.8122118312622719        4.0718575147754041     
   5.0970742026866507        4.2632488004873563     
   4.5828428705995545        3.9022679332083228     
   5.0171291476788387        4.2541040255110891     
   4.9724275865978820        4.2206988750533130     
   4.9446346558688523        4.2374534881629762     
   4.9037116818596003        4.0982568184887844     
   4.4354586009722050        3.6984588763713311     
   4.9953947038458759        4.3408970765244064     
   5.1304877739417334        4.3700329905785651     
   5.0363094801174029        4.2929470969498951     
   4.5786030094734418        3.8370243633161172     
   4.7136156759536876        3.8905202544332691     
   4.9461339702381251        4.1977919043319725     
   4.9488261085718444        4.2358244077987015     
   4.6280107168524722        3.9715375405605200     
   5.0512309378087590        4.2467357690612930     
   5.0340889271192051        4.2334591661234562     
   4.9851431262394694        4.2910536890016822     
   5.0250634428579035        4.3118214889311464     
   4.8109410949991291        4.1448462267630211     
   4.6075127224480976        3.8694094518186932     
   5.0570190602510321        4.2534675092816041     
   5.0510039612238762        4.2958219655327348     
   4.8427284543796025        4.1408261367431161     
   4.8637572039519945        4.1147127743539977     
   4.7824657149140020        4.0606606161485574     
   5.0418296005621643        4.3793271700370591     
   4.8704781786487290        4.1178717591610701     
   5.0690254880932395        4.2255249018052270     
   4.8789955160288150        4.1683249839528820     
   4.3751158673202584        3.6254345485631836     
   4.9601909530252186        4.2805517731251905     
   4.7977733177522088        4.1854259902477065     
   4.5783217409695585        3.8289705432161063     
   4.3092478253740447        3.6154267381740559     
   4.5213006551888091        3.7734627437489756     
   4.1407852410190902        3.4574783704404415     
   4.5804073714061353        3.7487709662210391     
   5.1575628694428426        4.3735516522509972     
   4.6502169536739988        4.0112168845517884     
   4.7464316121280019        4.0352258775695500     
   4.7527903289130373        3.9814012938475014     
   4.7597460086787198        4.1102565903075945     
   4.5946891144193547        3.9946488434249052     
   4.6610997656556439        3.9212441075510895     
   4.6856394536117101        3.9361530894132506     
   4.9124498651849908        4.0911546059629531     
   4.9383151870305051        4.1771697046446779     
   4.8889813466975234        4.1986474344247213     
   4.7831372350698107        4.0878167927732161     
   4.8294147528831637        4.0033016157338421     
   4.9026225908027570        4.1683907931138622     
   4.9732897092467709        4.2559622986187788     
   4.5235061905312959        3.8190433687281797     
   4.8677680958852143        4.1124382840401053     
   4.7185386772970253        4.0075311213368661     
   4.9322234274084709        4.3319916735117054     
   4.9181273254116888        4.2346410385010680     
   4.8565530372757806        4.0945060825728943     
   4.9474522565416521        4.3604190150953057     
   4.8943932075765231        4.1077923616708754     
   5.0145681459735707        4.1630835440347775     
   5.0835590780661830        4.2667424558994158     
   4.9375149659143656        4.1556674054842686     
   4.5917245327755989        4.0154229297744637     
   5.0827490210235862        4.3865099349440904     
   4.8618903484624871        4.0359522011803737     
   4.8437093031889509        4.1308045696337841     
   5.0092342725499748        4.2140748908746080     
   4.7864018349203787        3.9892323132841931     
   4.9661069740330817        4.1786509438267503     
   4.2487273374345049        3.5023727551294201     
   4.6916413966246271        3.8832736973052864     
   5.0806341383086391        4.3257491734986848     
   4.9295070425723493        4.2055859322481126     
   4.8900331283942862        4.1325465627597415     
   4.7928437158095027        4.1215522352559129     
   4.7078063932649998        3.8895595703589536     
   4.6593933476264233        3.8774525417785441     
   4.8538170562977196        4.3268694644753785     
   4.8438287935909976        4.0881700665584804     
   4.8314494079766623        4.1462087342033236     
   4.8883229204917873        4.1495018821123955     
   4.9896851557869786        4.2418279849281619     
   4.8025273450459842        4.0442662282642621     
   4.7270490463130912        3.9292437251102932     
   4.8812259953118939        4.1332145207096946     
   4.7683798504685484        4.0514858596318426     
   4.9341610249679855        4.2279130583608131     
   4.6432410265271731        3.8640063830781810     
   5.0074093859774615        4.2350210135867297     
   4.7686559731842726        4.1681324549900127     
   4.8278404435223923        4.1531898628873503     
   5.1410206881363738        4.3388644349141172     
   4.8494143884629803        4.0521212108813103     
   4.7679377470781619        4.1296927939372177     
   4.6192014464682716        3.9714759569796025     
   5.0091992367061096        4.2554603615513003     
   4.8213457495814396        4.1660246186586027     
   4.5089666314700949        3.9036615126890890     
   5.1474832955577439        4.3707995568099873     
   4.5840362939006383        3.9579245487376706     
   4.8159299671757845        4.0956420060898209     
   4.3487144641869939        3.6305995587201489     
   4.9187912963208618        4.1712828294169570     
   4.2660706132233539        3.5796392654607812     
   5.0163517485044276        4.0973425007751603     
   4.8163582517033428        4.0353810567518620     
   4.7259704592459162        3.9264888644092428     
   4.3965897560198091        3.7972590619635684     
   4.6609634640987174        3.9377820058975237     
   4.9124708495926219        4.1108354195362207     
   4.7196330189299260        3.9303829422472689     
   4.4494069926760220        3.7092870779926841     
   4.6322497880871749        3.8657931171648054     
   4.7908110986634425        4.0873698120065560     
   4.9575940711762216        4.2179788561727811     
   4.8753845439739738        4.0766426470667083     
   4.6832643410541817        3.9587999711507154     
   4.6532366585045652        3.9612466694471746     
   4.2929695540002877        3.5180805329634843     
   4.8486336041595770        4.1869051382297471     
   5.1413504505096617        4.3069411255384225     
   4.6284471445830553        3.9141377113051958     
   4.9776911418062797        4.2041809690471776     
   4.9983699518456115        4.1790280047323689     
   4.7714091195835415        4.1299491440610376     
   4.5675958275480237        3.8847721377476150     
   4.5625596578123089        3.8279736979212520     
   4.7082102332760432        3.9845439193743304     
   4.8282590816158377        4.1482837724342447     
   4.8092844944942668        4.1919385524447517     
   4.7752935792984177        4.0669698522425719     
   4.8772491831686899        4.1648519017611285     
   4.8002466766097553        4.1071988904020316     
   4.7394969634362560        4.0550268696446077     
   4.9594420345622909        4.2451913355382800     
   4.5994114802761610        3.9352717617201183     
   5.0266771323508204        4.4445592079490925     
   4.7423808315691982        3.9947665514266593     
   4.8329397320692822        4.0842001495993232     
   4.9801743056071990        4.2680748678592710     
   4.6848273089893597        3.9024493429710256     
   4.2403560165952259        3.5475883151831846     
   4.8926099132833754        4.1715232596005398     
   5.0130570056685864        4.1772454338658065     
   4.7956813264006657        4.1311892570795159     
   4.5241345287717234        3.7977100455502883     
   5.0858755924659711        4.3563712777149899     
   4.8796656487191772        4.0949033768388148     
   4.9715265020881132        4.1945299725033660     
   4.7373893909260900        4.1014001304556231     
   4.5388045937940040        3.8423749759958481     
   4.7430194997292654        3.9947620597465923     
   4.5417128412367695        3.8653320464179353     
   4.6926348677883638        3.8851334856929998     
   4.8009215513670291        4.0398403236783107     
   4.6269544467708785        3.9318103416685388     
   5.1434480134209686        4.4015200655877589     
   5.0084454154251432        4.1987600625663992     
   4.8604569134799727        4.1576600619539619     
   5.1418996119524598        4.4397200661569833     
   5.1251794247935738        4.4319200660407549     
   5.1252218708959276        4.4501200663119551     
   5.0994378679003951        4.3743400651827455     
   5.0748142421473510        4.3450600647464395     
   4.7990244847387693        4.0971600610524419     
   5.1151838867188282        4.4835800668105481     
   5.1122940296181740        4.3925000654533504     
   5.1204900658875001        4.4243000659272074     
   5.1422151296806389        4.4730200666531923     
   4.8812927644931046        4.1162400613367556     
   4.6127914684531524        3.8957600580513478     
   5.0391345876605804        4.2360800631225111     
   5.1080033228233210        4.4271600659698249     
   5.0856322128201352        4.3196400643676514     
   5.0217702015715115        4.3391200646579264     
   4.9814669336588580        4.1588400619715449     
   5.1392034237990929        4.3793800652578474     
   5.1122940296181740        4.4489200662940735     
   4.9711694045855976        4.2800400637775660     
   5.0949844593949036        4.3397800646677611     
   4.9382352188582948        4.2468000632822518     
   4.7562516231329131        4.0001200596064326     
   5.1429278022631415        4.3908200654283167     
   5.1470212975461820        4.3767200652182101     
   5.1442957156851472        4.4356600660964851     
   4.9804885154286929        4.2889000639095904     
   3.9641761746959983        3.3359684441498025     
   3.9272491322671343        3.2119303917614919     
   4.1541328142851199        3.4319517041600647     
   4.1274617527149067        3.4057487464696101     
   4.2495060335021151        3.4852144689537417     
   4.0133228141563029        3.3147877908341865     
   4.3774892858807073        3.6334768403630235     
   3.7918773477626604        3.0650624687529890     
   4.1064774684859087        3.4845029168431392     
   3.9060523972702179        3.4066877188836022     
   3.9109972089277418        3.1807380265366891     
   3.9182299558220546        3.1638493974250292     
   3.8623021450599566        3.1849304906591618     
   4.0974105965249885        3.3968612369371765     
   4.3377564159429047        3.6207377966531964     
   3.7316554045492794        2.9596761490226107     
   3.8965381156464822        3.2167923928939417     
   3.8239452365347635        3.1914396572161561     
   4.4161923922809017        3.5692445999258884     
   3.9868482584012845        3.3632020364756148     
   3.9453954447408268        3.2369221703738980     
   4.3351096873565300        3.5754849196188760     
   3.8428982390565216        3.1509469226527673     
   4.1864027429699382        3.4745200875943834     
   4.0853229330167204        3.3609462253820004     
   3.7221302013496378        3.0454316761604674     
   3.9853408996513351        3.3143382622074884     
   3.8321718315846600        3.1502794235028206     
   3.9324930401535525        3.3273874460019361     
   4.0240689537084506        3.3503825235845897     
   4.1422184819432886        3.5190934860785785     
   3.6668171667828320        3.0278280489781531     
   4.0728439044319869        3.4586947074185668     
   3.8003446491520569        3.1216059264555525     
   4.0542649810343407        3.4397062991756173     
   3.8283595323953636        3.1501368938406968     
   3.6325184573822180        2.9662941959012272     
   4.2662940871063881        3.5342817427449016     
   4.2660705846137219        3.6046133706129240     
   4.3491011915989954        3.6512874564884221     
   3.8397761639112553        3.3091597450103221     
   3.9499270957815384        3.3232114732397093     
   3.8627379254863716        3.1807420442367493     
   3.6491723058398042        3.0983621740291936     
   4.0050812492604217        3.2597921431546872     
   4.3071811207717925        3.5094007621141459     
   4.0041224872876384        3.3351510674576228     
   3.7038114914301605        3.0201228707633372     
   4.2230955860389727        3.5360240606308637     
   4.0915995907947131        3.2270160256262854     
   3.9874968902696737        3.2687342162879345     
   3.9247542911920359        3.2472528103478369     
   3.8912472326870207        3.1129162206660657     
   3.8651732591759029        3.1288744179838615     
   4.0576261637365061        3.3171531365094324     
   4.0214068314468294        3.3326735280407047     
   3.8808504090279139        3.0959460475331904     
   3.7164087211647465        2.9612494178860542     
   3.5685176329580752        2.8672422393852384     
   3.5793240021966688        2.8519725210577018     
   3.7294475958002247        3.0124346314487731     
   3.8285947670139211        3.1068726644360094     
   3.6774369355132750        2.9967070581944144     
   3.7772717019213631        3.1236436539859169     
   3.7083562785810855        2.9643781356326757     
   3.5671646739967402        2.9507383746894278     
   3.7660342852632689        3.1505322031665872     
   4.2197928969548864        3.4749000517800455     
   4.0226642580395771        3.3203076550964385     
   3.6037943516324389        2.9737253041119596     
   3.7190346952252291        3.0183632429571166     
   3.5632820915577859        2.9379677595791307     
   4.2280979146393216        3.4528398511513223     
   3.7862436647184570        3.1884960998322938     
   3.6971886969443370        2.9060012200227918     
   3.8633888427087029        3.1751397118332680     
   3.9839829507320594        3.3062758749273491     
   3.5955076883431967        2.8145961471607501     
   4.0706627853609367        3.3681518478293730     
   3.6704065904835002        3.0193681830520913     
   3.9089668037401020        3.2086821761730899     
   3.8016475911508425        3.0937394458803098     
   4.0590656757670835        3.3612724369268618     
   3.8550515783528474        3.2620786374487589     
   3.6976120466415106        3.0212331189598811     
   3.8363843051359705        3.1272019612989399     
   4.2702704771343623        3.4802885201203395     
   4.1021859353817085        3.3335108573331822     
   3.7081335039942203        3.0512259772868098     
   3.6707496076711763        2.9807952188373092     
   3.6490661872847032        2.8879625594739951     
   3.7217484415619508        2.9473198064984869     
   4.0692623489945543        3.3248835763046256     
   3.9634865046853629        3.2152909281915676     
   3.9005604485960506        3.2885264399028622     
   4.0331533147488807        3.4750412644821491     
   3.9910072810086725        3.3061948025461407     
   3.9593577081647622        3.2728345060690338     
   3.7407537670658262        3.0995990365276245     
   4.0285594026594795        3.4167157615130312     
   4.0228348648933254        3.3813549495861146     
   4.3740776008479560        3.4745381384946521     
   3.8873279804067207        3.2277910545178341     
   4.0004678274424874        3.3433969755804962     
   4.0188221319824198        3.4329798192753849     
   3.8239545970257529        3.0082600448265673     
   3.4855831962031032        2.7932941977433265     
   3.4977275381860138        2.8703519578115766     
   4.0675821341309426        3.4161832587850971     
   3.5856004572231828        2.8925242428819695     
   3.8872335848763129        3.2005697347122046     
   3.7716744958438588        3.0846255356245016     
   3.8936891744432480        3.2922558634384349     
   4.0984334973320271        3.2944324633908688     
   4.2394197555289006        3.4815996617598768     
   4.0316613534827717        3.3477483924053377     
   3.8235090024518108        3.0186519976414194     
   3.9418131875419977        3.2488597369317822     
   3.6908676850900179        3.0767600458472968     
   3.9937206032277008        3.2581787007306451     
   4.0582891212841536        3.2677339006930288     
   3.9529412346204995        3.1978870117922291     
   3.7196749636735778        3.0469044125424132     
   3.9453734004543066        3.2421303232115055     
   4.0643965037613450        3.3825697590642165     
   4.1945724106077940        3.5087608095246101     
   4.1230435786674287        3.3178629467400103     
   4.1221927073982458        3.4262094839544992     
   3.9949674052865953        3.4135230751054566     
   3.6986829690826091        3.2138105050695076     
   3.9251256059742579        3.3306362389503468     
   3.9733402544547056        3.4400743467411017     
   3.7242508132682546        3.0714109684075894     
   4.3458688177719713        3.6656802749628916     
   3.8153544567487288        3.2402577816236025     
   4.2225274489740787        3.5063693700089744     
   3.9462646826659751        3.1963537649493818     
   4.0362526045618772        3.4760293084768721     
   4.0119161382365736        3.2549398760223829     
   4.1582954731069810        3.3532599167874659     
   4.2833179894260915        3.5233123742414447     
   4.1657832440016502        3.3370892645265045     
   3.5526398942842308        3.0499887169483726     
   3.8123369596010703        3.0062849804771363     
   4.0946748355290756        3.2968914431275103     
   4.0749437611547465        3.3492117661471434     
   4.0093100909773129        3.3128834394858089     
   3.6228515759378319        2.8879124983332489     
   3.8685019499228264        3.0934427996358891     
   3.9426166230461162        3.1746027727852670     
   3.4954668685252535        2.8533260444178707     
   3.7920352158506794        3.0500760392296744     
   4.1645114986362524        3.3832984161150743     
   4.0903556083810511        3.2680999414784830     
   3.9641761746959983        3.3198302258093251     
   3.6562384144640010        2.9438754665871620     
   4.1655248298734886        3.4380253117305690     
   4.4071477017247451        3.6381999973534036     
   4.0220444418692685        3.2940031479244709     
   3.6687911036713028        3.0831446678824350     
   3.9272491322671343        3.2049148220169514     
   4.1541328142851199        3.4100418596135826     
   4.0133228141563029        3.2947127127150440     
   4.3774892858807073        3.6425738876185796     
   3.6404865397987729        3.0422558249131435     
   3.7918773477626604        3.0536292767026216     
   3.9912002412499676        3.4013189612436010     
   3.7316554045492794        2.9434173357603357     
   3.5061225234146973        2.8143541063771438     
   3.7221302013496378        3.0527520788295499     
   3.7864465807122425        3.0846514364048874     
   4.1750128717727080        3.5971120328411459     
   3.9324930401535525        3.3586508949077976     
   3.6668171667828320        3.0154784933541303     
   3.8003446491520569        3.1052235909314367     
   4.2328121338672942        3.3790069991511271     
   4.2660705846137219        3.5920576406458293     
   4.2487274561825377        3.5294953113535779     
   3.6908676850900179        3.0827844460370670     
   4.0041224872876384        3.3614556808295921     
   3.8165810473197697        3.1317569612068148     
   4.3990335005100443        3.8249974561969031     
   4.1221927073982458        3.4342435161942153     
   4.0022368261661692        3.2887191828457341     
   3.6228515759378319        2.8946863887541876     
   4.1996487881799522        3.5014612325758372     
   3.7195894609362594        2.9962410474674703     
   3.8812625109950405        3.2048923593566165     
   3.9442404115386123        3.2232530798302133     
   3.6751897317272668        2.8881954075574647     
   3.8264705469801958        3.1512525195973211     
   4.6107996362072035        3.8441600572824481     
   4.0230345434474755        3.2859864350250128     
   3.7110504890283802        3.0119072813809153     
   3.9261598747192599        3.2738443084640809     
   4.1912950809174552        3.5029914056586389     
   3.9726124549770163        3.1934337033258697     
   4.0930709502290679        3.3913400468149040     
   4.0783453940528940        3.4585475361763733     
   3.6244662101951284        2.8349385519238757     
   4.2406762319917704        3.4858268807228674     
   4.0021134287121818        3.2446386885488834     
   4.3734045773793451        3.6452454238183889     
   3.6313586373693538        2.8315534583134339     
   4.5122861585440504        3.8021899961970451     
   4.0409443316015050        3.2982368056475573     
   4.1455845058009579        3.4780452295869120     
   4.2581809684486425        3.5688647944602288     
   4.1194969527701035        3.4162605352062481     
   3.7431780303515940        3.1016996249989255     
   4.3988593594303280        3.6031855053716475     
   4.4479934081116852        3.7740414295375984     
   4.2990708619879845        3.6108853450663836     
   4.1516125498297969        3.4965434807625573     
   3.5258492140768416        3.0201157280832307     
   3.9054588701037987        3.1565885967968348     
   4.1923753403301509        3.5212141195901783     
   3.8794685885072973        3.2835844435292199     
   4.2088063550125971        3.4717160549326000     
   3.8686374885062094        3.1406887400199084     
   3.9104818728301991        3.3358199574475904     
   3.8746268237755754        3.0574605500197118     
   3.9736273261286525        3.1612034113056011     
   3.6415005397672826        3.0048859618162895     
   3.6605326949136572        3.0083516226679317     
   3.6984565690081026        2.9604625976143297     
   3.8797146819240664        3.2195255916746692     
