   4.6194235757988276        3.8953712460019045     
   4.9572854566234987        4.2181796105677405     
   4.4515977344589936        3.7350229248401248     
   4.5850682822934390        3.8625466607495400     
   4.7939490730093457        4.0621207182775372     
   4.6679356417075653        3.9417218453044529     
   4.7041260758590218        3.9762998060760082     
   4.4795564434158477        3.7617359268861228     
   5.0131787482171752        4.2715825632936184     
   4.9713761741948090        4.2316425128745978     
   4.6759392469661787        3.9493688480318903     
   4.7300332654400323        4.0010526946786813     
   4.6047379567631612        3.8813399482065774     
   4.6162302686529086        3.8923202174134937     
   4.5927016725434564        3.8698399434859243     
   4.3210352123999334        3.6102776469277358     
   4.9609579889269195        4.2216885123230634     
   5.0011866388905943        4.2601247652432450     
   4.9756254677251643        4.2357024781235513     
   4.7986077634053572        4.0665718396176667     
   4.2495060631398349        3.5419354958834153     
   5.0782797230637113        4.3337829487604758     
   4.5475639244985766        3.8267133185142428     
   4.8440676928195643        4.1100062910913264     
   5.1550503290799945        4.4071330222116583     
   4.8636881789913877        4.1287525818467481     
   4.8681104709611018        4.1329778375485500     
   4.6792042570069539        3.9524883847756658     
   4.9502941881649702        4.2114998397340795     
   4.9584995996346128        4.2193396571489350     
   4.8801119322434818        4.1444445708761126     
   4.3990335005100443        3.6848007028057848     
   4.4212063178402490        3.7059856049992788     
   4.7587620858232489        4.0285014956537299     
   4.9980838952564373        4.2571602650878422     
   4.9185009109639317        4.1811231195417786     
   5.0453639949966647        4.3023337887668056     
   4.4196520156235932        3.7045005550866485     
   4.8086970495329382        4.0762115952081217     
   4.4133278179925224        3.6984581335814641     
   4.9581722447147172        4.2190268876051613     
   4.6167514991468810        3.8928182243591434     
   4.5202167680885559        3.8005846211462608     
   4.6104982919479500        3.8868436302905516     
   5.1423111206115104        4.3949614121989011     
   4.8414818080354420        4.1075356210172691     
   4.7851465932708930        4.0537104351122446     
   4.7343297665899433        4.0051577642005016     
   4.8626286623291337        4.1277402722007546     
   4.8973161102820661        4.1608822126804483     
   5.0306483307834728        4.2882737844639660     
   4.9459763455119763        4.2073743795849108     
   4.6945203244682423        3.9671220412174359     
   4.6896164072265627        3.9624366191719278     
   4.8717487103147219        4.1364539742845876     
   4.6814675046749903        3.9546507929068917     
   4.6393431031296393        3.9144032540665274     
   4.8821155584832523        4.1463589250734048     
   5.1617866498692493        4.4135692046299368     
   4.7691250435642232        4.0384027293539138     
   4.7797438814293089        4.0485484423785714     
   5.0348913803620121        4.2923277839618583     
   4.5869678845395505        3.8643616257668900     
   4.7760560996687493        4.0450249706092896     
   4.9364929416155627        4.1983135109990659     
   4.8267800377604706        4.0934888916049363     
   4.9424769564504007        4.2040309066332133     
   5.0463953035791977        4.3033191471507637     
   4.9381952302812238        4.1999399537893556     
   4.6488923062294303        3.9235269901566316     
   4.8612434738030821        4.1264168010781210     
   4.9176703644279840        4.1803295782037901     
   4.7814164033836501        4.0501464447204256     
   4.8841780267414929        4.1483294995690727     
   5.0603127127673098        4.3166164628705541     
   4.7971204741856903        4.0651508169220456     
   4.9672255714277647        4.2276768411985817     
   4.7886908275718412        4.0570967552130339     
   5.1558802118416649        4.4079259293499904     
   4.7981124727850544        4.0660986167884605     
   4.8564364055922207        4.1218239129318848     
   4.9801558169558851        4.2400309765694590     
   4.7774963742647216        4.0464010734289291     
   5.1619453995344600        4.4137208811661504     
   5.0617136409451833        4.3179549723610888     
   4.9448716694206221        4.2063189225988937     
   4.8451413959242302        4.1110321550994247     
   4.6059942121713773        3.8825402308570305     
   4.8439482567968639        4.1098921765689536     
   4.7088929277415383        3.9808542697419500     
   5.0904641621675939        4.3454245072892919     
   4.8260142235479595        4.0927571984263551     
   4.9448716694206221        4.2063189225988937     
   4.7141377405373550        3.9858653986593020     
   4.7168011668655518        3.9884101553955404     
   4.7241075525298450        3.9953910033131002     
   5.0513768011861551        4.3080786929499686     
   4.9425761243440034        4.2041256560777889     
   4.7987901200704117        4.0667460713382448     
   4.2662940871063881        3.5579755254591316     
   4.9468623808307131        4.2082209373898065     
   4.8740325002679166        4.1386360094345820     
   4.5691540725973887        3.8473415124421888     
   4.5686215398412644        3.8468327068093582     
   4.8333786906951417        4.0997935399925538     
   4.7953668003636842        4.0634752784532431     
   4.7875209764634645        4.0559790270983420     
   4.7772249307905073        4.0461417241831095     
   4.7791761558683774        4.0480060119647012     
   4.3541640156634926        3.6419303885019843     
   4.8231883190147382        4.0900572027400655     
   4.6591539884764614        3.9333314607165328     
   4.7568450820765698        4.0266699044637981     
   4.9365531148784418        4.1983710032279413     
   4.6784805137357646        3.9517968880576348     
   4.9491592265234701        4.2104154465777892     
   4.0643965037613450        3.3650735368408031     
   4.9970635828830483        4.2561854129743217     
   5.0146375221225474        4.2729763411815380     
   4.8330617019271216        4.0994906747342990     
   4.7289609468937126        4.0000281535396036     
   4.8617287042639985        4.1268804119807285     
   4.9206749497153899        4.1832002934808692     
   4.7143832335574647        3.9860999536796569     
   4.4790648743925585        3.7612662598372926     
   4.5875205717004999        3.8648896878202561     
   4.7067798233436440        3.9788353152118439     
   4.9594612506798255        4.2202584616036738     
   4.8652046434854430        4.1302014799054856     
   4.9362521807192747        4.1980834772616333     
   4.6552053294042324        3.9295587350860974     
   5.0771836786684137        4.3327357388832501     
   4.5368416130524301        3.8164687421984786     
   4.8097182678341364        4.0771873128856226     
   4.8296112089781653        4.0961939193173231     
   4.6246887263003478        3.9004018064736576     
   4.6031727393261317        3.8798444694038072     
   4.6202002536924951        3.8961133188277510     
   4.8674254983695349        4.1323233840733122     
   4.8622827065478127        4.1274097305613493     
   4.9808210081301763        4.2406665299931614     
   4.8471635305308327        4.1129641930188727     
   4.9836572945712785        4.2433764450189635     
   4.9290800836401560        4.1912309346694752     
   5.0209823146908841        4.2790384400116723     
   5.1184883914698700        4.3722001104061770     
   5.0111053825573588        4.2696015769326863     
   4.8605263631382378        4.1257316414490850     
   4.8816709639872009        4.1459341395906062     
   4.7734644039637875        4.0425487485213498     
   4.9158385861691336        4.1785794152598568     
   4.7084585914728274        3.9804392854287385     
   4.8601095277261823        4.1253333782377091     
   5.0213421446464190        4.2793822376581678     
   5.0584285034155343        4.3148162049134813     
   4.6548949967949254        3.9292622294198254     
   5.0286917224694587        4.2864043532975939     
   5.0424889100228523        4.2995868038861236     
   4.4598027034379362        3.7428623194795585     
   4.8496271284287094        4.1153180247279142     
   4.6004121316370910        3.8772068612453130     
   4.7698967034915487        4.0391400077900990     
   4.9430915009685830        4.2046180699745852     
   4.9366132813600387        4.1984284889776760     
   4.6599058784888943        3.9340498500910743     
   4.9317176877592903        4.1937510197113026     
   4.9307453214892236        4.1928219774510955     
   5.0598981093950046        4.3162203322498680     
   4.9939008957114321        4.2531636400799933     
   5.0366426116183991        4.2940009886941324     
   4.8765984306481558        4.1410876141779553     
   4.6099327814563331        3.8863033162530578     
   4.8443542284445380        4.1102800600535483     
   4.8121102862255425        4.0794727543300873     
   5.0193858962664155        4.2775131503888613     
   4.8998363242241689        4.1632901378924325     
   5.0534309245373672        4.3100412943479203     
   4.6563415859160200        3.9306443654194223     
   4.4482554945422423        3.7318295992158208     
   4.6038986940843492        3.8805380790755373     
   4.4333555123714898        3.7175934892857492     
   4.8117039082568747        4.0790844826282271     
   4.4709315008412922        3.7534952706742692     
   4.6271002714660803        3.9027059046723847     
   4.9679258766668459        4.2283459441715863     
   4.9678502120431345        4.2282736508031356     
   4.8220935203176740        4.0890111830586928     
   4.6887783404636307        3.9616358926724522     
   4.8641251844440587        4.1291701164177947     
   4.7842902191920871        4.0528922169836967     
   4.8122118312622719        4.0795697750036126     
   5.0970742026866507        4.3517400358847711     
   4.5828428705995545        3.8604204028016613     
   5.0171291476788387        4.2753569517700232     
   4.9724275865978820        4.2326470793486015     
   4.9446346558688523        4.2060924692421553     
   4.9037116818596003        4.1669928280489774     
   4.4354586009722050        3.7196028742748957     
   4.9953947038458759        4.2545908912385970     
   5.1304877739417334        4.3836648575451189     
   5.0363094801174029        4.2936826999461992     
   4.5786030094734418        3.8563694496939420     
   4.7136156759536876        3.9853665947870209     
   4.9461339702381251        4.2075249813039886     
   4.9488261085718444        4.2100971707755317     
   4.6280107168524722        3.9035757849485804     
   5.0512309378087590        4.3079393285499590     
   5.0340889271192051        4.2915610842136687     
   4.9851431262394694        4.2447960751046603     
   5.0250634428579035        4.2829377325449514     
   4.8109410949991291        4.0783556566961598     
   4.6075127224480976        3.8839910835481004     
   5.0570190602510321        4.3134695598235675     
   5.0510039612238762        4.3077224649606665     
   4.8427284543796025        4.1087267227377957     
   4.8637572039519945        4.1288185313838586     
   4.7824657149140020        4.0511490039265912     
   5.0418296005621643        4.2989568701148801     
   4.8704781786487290        4.1352400514584096     
   5.0690254880932395        4.3249410384247069     
   4.8789955160288150        4.1433778968507635     
   4.3751158673202584        3.6619487254372962     
   4.9601909530252186        4.2209556518879445     
   4.7977733177522088        4.0657745728885688     
   4.5783217409695585        3.8561007131749805     
   4.3092478253740447        3.5990154497273763     
   4.5213006551888091        3.8016202153996077     
   4.1407852410190902        3.4380587557865843     
   4.5804073714061353        3.8580934178526340     
   5.1575628694428426        4.4095336157425322     
   4.6502169536739988        3.9247926176200312     
   4.7464316121280019        4.0167204091394142     
   4.7527903289130373        4.0227958117894689     
   4.7597460086787198        4.0294415795929366     
   4.5946891144193547        3.8717388344175157     
   4.6610997656556439        3.9351905433318559     
   4.6856394536117101        3.9586368596689288     
   4.9124498651849908        4.1753416795431466     
   4.9383151870305051        4.2000545658372124     
   4.8889813466975234        4.1529188064648608     
   4.7831372350698107        4.0517906043425373     
   4.8294147528831637        4.0960062163702435     
   4.9026225908027570        4.1659522617025617     
   4.9732897092467709        4.2334707899183277     
   4.5235061905312959        3.8037274825916403     
   4.8677680958852143        4.1326507170753981     
   4.7185386772970253        3.9900702506375105     
   4.9322234274084709        4.1942342260104253     
   4.9181273254116888        4.1807661791824504     
   4.8565530372757806        4.1219353480631122     
   4.9474522565416521        4.2087845310484946     
   4.8943932075765231        4.1580895405984171     
   5.0145681459735707        4.2729100561033384     
   5.0835590780661830        4.3388270808482696     
   4.9375149659143656        4.1992899987627572     
   4.5917245327755989        3.8689063404122526     
   5.0827490210235862        4.3380531160893945     
   4.8618903484624871        4.1270348540836030     
   4.8437093031889509        4.1096638695957344     
   5.0092342725499748        4.2678138346756080     
   4.7864018349203787        4.0549097491722277     
   4.9661069740330817        4.2266080831762087     
   4.2487273374345049        3.5411914664866413     
   4.6916413966246271        3.9643713846869271     
   5.0806341383086391        4.3360324624755737     
   4.9295070425723493        4.1916388703451473     
   4.8900331283942862        4.1539237257785864     
   4.7928437158095027        4.0610646105299821     
   4.7078063932649998        3.9798161460667969     
   4.6593933476264233        3.9335601551627799     
   4.8538170562977196        4.1193212693666483     
   4.8438287935909976        4.1097780360745677     
   4.8314494079766623        4.0979502169233237     
   4.8883229204917873        4.1522897165949351     
   4.9896851557869786        4.2491357334480702     
   4.8025273450459842        4.0703167833683640     
   4.7270490463130912        3.9982014381429560     
   4.8812259953118939        4.1455089966001974     
   4.7683798504685484        4.0376907385134162     
   4.9341610249679855        4.1960854934509753     
   4.6432410265271731        3.9181275045622903     
   5.0074093859774615        4.2660702563572928     
   4.7686559731842726        4.0379545585160299     
   4.8278404435223923        4.0945020507365513     
   5.1410206881363738        4.3937284752488530     
   4.8494143884629803        4.1151147634418317     
   4.7679377470781619        4.0372683331444783     
   4.6192014464682716        3.8951590136963721     
   5.0091992367061096        4.2677803598620780     
   4.8213457495814396        4.0882967294250223     
   4.5089666314700949        3.7898357370339624     
   5.1474832955577439        4.3999031396632917     
   4.5840362939006383        3.8615606528444224     
   4.8159299671757845        4.0831222484893610     
   4.3487144641869939        3.6367236430844430     
   4.9187912963208618        4.1814005667102361     
   4.2660706132233539        3.5577620085079764     
   5.0163517485044276        4.2746141898002685     
   4.8163582517033428        4.0835314506981817     
   4.7259704592459162        3.9971709077784570     
   4.3965897560198091        3.6824658399310972     
   4.6609634640987174        3.9350603147231360     
   4.9124708495926219        4.1753617289855169     
   4.7196330189299260        3.9911158336193213     
   4.4494069926760220        3.7329297920770537     
   4.6322497880871749        3.9076259833586895     
   4.7908110986634425        4.0591225571231089     
   4.9575940711762216        4.2184744747258467     
   4.8753845439739738        4.1399278125125392     
   4.6832643410541817        3.9563675708149035     
   4.6532366585045652        3.9276777787854384     
   4.2929695540002877        3.5834624605967433     
   4.8486336041595770        4.1143687671683091     
   5.1413504505096617        4.3940435449813622     
   4.6284471445830553        3.9039927675380839     
   4.9776911418062797        4.2376761156058951     
   4.9983699518456115        4.2574335763578182     
   4.7714091195835415        4.0405850378242878     
   4.5675958275480237        3.8458526953706955     
   4.5625596578123089        3.8410409133724017     
   4.7082102332760432        3.9802019928903358     
   4.8282590816158377        4.0949020363104198     
   4.8092844944942668        4.0767728664198248     
   4.7752935792984177        4.0442964245149682     
   4.8772491831686899        4.1417093722655443     
   4.8002466766097553        4.0681377306554065     
   4.7394969634362560        4.0100947353653940     
   4.9594420345622909        4.2202401016648157     
   4.5994114802761610        3.8762507941431772     
   5.0266771323508204        4.2844795237196589     
   4.7423808315691982        4.0128501120694677     
   4.8329397320692822        4.0993741392724132     
   4.9801743056071990        4.2400486414545275     
   4.6848273089893597        3.9578609003429110     
   4.2403560165952259        3.5331931318334759     
   4.8926099132833754        4.1563857014055925     
   5.0130570056685864        4.2714662450131655     
   4.7956813264006657        4.0637757907080250     
   4.5241345287717234        3.8043278250726904     
   5.0858755924659711        4.3410403823993757     
   4.8796656487191772        4.1440181716201154     
   4.9715265020881132        4.2317861428729504     
   4.7373893909260900        4.0080810662484465     
   4.5388045937940040        3.8183442618673884     
   4.7430194997292654        4.0134603242181370     
   4.5417128412367695        3.8211229316553514     
   4.6926348677883638        3.9653205915072598     
   4.8009215513670291        4.0687825362077534     
   4.6269544467708785        3.9025665772310751     
   5.1434480134209686        4.3960476504795025     
   5.0084454154251432        4.2670601252671316     
   4.8604569134799727        4.1256652861368215     
   5.1418996119524598        4.3945682384057863     
   5.1251794247935738        4.3785930231526766     
   5.1252218708959276        4.3786335780588690     
   5.0994378679003951        4.3539983874341308     
   5.0748142421473510        4.3304718731685385     
   4.7990244847387693        4.0669699938332000     
   5.1151838867188282        4.3690428386483209     
   5.1122940296181740        4.3662817398164133     
   5.1204900658875001        4.3741125997452261     
   5.1422151296806389        4.3948696981667288     
   4.8812927644931046        4.1455727908646978     
   4.6127914684531524        3.8890346337725021     
   5.0391345876605804        4.2963819341525253     
   5.1080033228233210        4.3621822064807869     
   5.0856322128201352        4.3408078465914031     
   5.0217702015715115        4.2797912224054055     
   4.9814669336588580        4.2412836761566650     
   5.1392034237990929        4.3919921795552712     
   5.1122940296181740        4.3662817398164133     
   4.9711694045855976        4.2314449559343821     
   5.0949844593949036        4.3497434016011853     
   4.9382352188582948        4.1999781606658884     
   4.7562516231329131        4.0261028872241758     
   5.1429278022631415        4.3955506174532344     
   5.1470212975461820        4.3994617260827455     
   5.1442957156851472        4.3968575831681811     
   4.9804885154286929        4.2403488515828771     
   3.9641761746959983        3.2693185483145211     
   3.9272491322671343        3.2340367990221206     
   4.1541328142851199        3.4508116247589964     
   4.1274617527149067        3.4253288986648291     
   4.2495060335021151        3.5419354675662107     
   4.0133228141563029        3.3162754475934917     
   4.3774892858807073        3.6642163957706839     
   3.7918773477626604        3.1046965364935843     
   4.1064774684859087        3.4052795741982353     
   3.9060523972702179        3.2137844895819776     
   3.9109972089277418        3.2185089839829297     
   3.9182299558220546        3.2254194741233766     
   3.8623021450599566        3.1719835402388163     
   4.0974105965249885        3.3966166788686749     
   4.3377564159429047        3.6262538332796965     
   3.7316554045492794        3.0471577962479031     
   3.8965381156464822        3.2046941190332778     
   3.8239452365347635        3.1353356328732489     
   4.4161923922809017        3.7011950760827959     
   3.9868482584012845        3.2909804719513018     
   3.9453954447408268        3.2513745982382836     
   4.3351096873565300        3.6237250303134316     
   3.8428982390565216        3.1534441798709962     
   4.1864027429699382        3.4816437591151304     
   4.0853229330167204        3.3850675840758502     
   3.7221302013496378        3.0380569907367030     
   3.9853408996513351        3.2895402739280817     
   3.8321718315846600        3.1431956900289140     
   3.9324930401535525        3.2390470633485275     
   4.0240689537084506        3.3265427903483413     
   4.1422184819432886        3.4394281383213645     
   3.6668171667828320        2.9852084415481959     
   4.0728439044319869        3.3731445615703946     
   3.8003446491520569        3.1127865752606851     
   4.0542649810343407        3.3553934265126331     
   3.8283595323953636        3.1395532487344755     
   3.6325184573822180        2.9524379192823926     
   4.2662940871063881        3.5579755254591316     
   4.2660705846137219        3.5577619811730528     
   4.3491011915989954        3.6370931397648500     
   3.8397761639112553        3.1504612095245483     
   3.9499270957815384        3.2557043404917292     
   3.8627379254863716        3.1723999043649420     
   3.6491723058398042        2.9683497515707780     
   4.0050812492604217        3.3084010875768812     
   4.3071811207717925        3.5970408276390091     
   4.0041224872876384        3.3074850434712642     
   3.6138790957990921        2.9346290388768441     
   3.7038114914301605        3.0205544752838538     
   4.2230955860389727        3.5167017438557422     
   4.0915995907947131        3.3910645838773896     
   3.9874968902696737        3.2916002038729051     
   3.9247542911920359        3.2316531161830313     
   3.8912472326870207        3.1996389726193519     
   3.8651732591759029        3.1747267311841467     
   4.0576261637365061        3.3586048509220534     
   4.0214068314468294        3.3239992795756828     
   3.8808504090279139        3.1897053819050529     
   3.7164087211647465        3.0325904324588868     
   3.5685176329580752        2.8912886667748450     
   3.5793240021966688        2.9016135556681713     
   3.7294475958002247        3.0450483569414710     
   3.8285947670139211        3.1397780024187933     
   3.6774369355132750        2.9953550439632837     
   3.7772717019213631        3.0907416486679771     
   3.7083562785810855        3.0248967683650059     
   3.5671646739967402        2.8899959892210259     
   3.7660342852632689        3.0800049177751934     
   4.2197928969548864        3.5135462068673697     
   4.0226642580395771        3.3252006812282624     
   3.6037943516324389        2.9249936228791706     
   3.7190346952252291        3.0350994056220850     
   3.5632820915577859        2.8862863961637926     
   4.2280979146393216        3.5214811925184866     
   3.7862436647184570        3.0993138635340229     
   3.6971886969443370        3.0142267609776230     
   3.8633888427087029        3.1730218198160003     
   3.9839829507320594        3.2882428287450813     
   3.5955076883431967        2.9170761738388151     
   4.0706627853609367        3.3710606227770317     
   3.6704065904835002        2.9886379376242798     
   3.9089668037401020        3.2165690439801446     
   3.8016475911508425        3.1140314643695879     
   4.0590656757670835        3.3599802251525799     
   3.8550515783528474        3.1650560242515597     
   3.6976120466415106        3.0146312482285982     
   3.8363843051359705        3.1472204758217246     
   4.2702704771343623        3.5617747464860003     
   4.1021859353817085        3.4011792513696713     
   3.7081335039942203        3.0246839195527122     
   3.6707496076711763        2.9889656715997770     
   3.6490661872847032        2.9682483611530768     
   3.7217484415619508        3.0376922403469298     
   4.0692623489945543        3.3697225831852111     
   3.9634865046853629        3.2686596067148357     
   3.9005604485960506        3.2085372359839681     
   3.6652964940491821        2.9837555227489778     
   4.0331533147488807        3.3352223955273246     
   3.9910072810086725        3.2949541883196778     
   3.9593577081647622        3.2647147697027790     
   3.7407537670658262        3.0558507790639124     
   4.0285594026594795        3.3308331662809851     
   4.0228348648933254        3.3253636866531653     
   4.3740776008479560        3.6609567191739996     
   3.8873279804067207        3.1958943435542548     
   4.0004678274424874        3.3039932178625926     
   4.0188221319824198        3.3215297420091372     
   3.8239545970257529        3.1353445763053411     
   3.4855831962031032        2.8120493935259216     
   3.4977275381860138        2.8236526414705039     
   4.0675821341309426        3.3681172306934832     
   3.5856004572231828        2.9076103617518720     
   3.8872335848763129        3.1958041538391000     
   3.7716744958438588        3.0853938274352091     
   3.8936891744432480        3.2019721130812733     
   4.0984334973320271        3.3975940040875701     
   4.2394197555289006        3.5322985861010907     
   4.0316613534827717        3.3337969089493988     
   3.8235090024518108        3.1349188353033597     
   3.9418131875419977        3.2479519493588489     
   3.6908676850900179        3.0081873833061512     
   3.9937206032277008        3.2975466178234938     
   3.7001423335560522        3.0170487976093447     
   4.0582891212841536        3.3592382702388770     
   3.9529412346204995        3.2585841836596074     
   3.7196749636735778        3.0357111467578117     
   4.3640061931866203        3.6513340454704841     
   3.9453734004543066        3.2513535361401793     
   4.0643965037613450        3.3650735368408031     
   4.1945724106077940        3.4894494252731048     
   4.1230435786674287        3.4211075774102611     
   4.1221927073982458        3.4202946169123480     
   3.9949674052865953        3.2987378683208468     
   4.0025791417434693        3.3060104620539787     
   3.6986829690826091        3.0156544554662541     
   3.9251256059742579        3.2320078869470361     
   3.9733402544547056        3.2780743203253748     
   3.7242508132682546        3.0400831182881647     
   4.3458688177719713        3.6340047851205788     
   3.8153544567487288        3.1271276173187679     
   4.2225274489740787        3.5161589202725669     
   3.9462646826659751        3.2522051070614477     
   4.0362526045618772        3.3381835957473878     
   4.0119161382365736        3.3149314464531039     
   4.1582954731069810        3.4547888153294468     
   4.2833179894260915        3.5742409237720119     
   4.1657832440016502        3.4619429668154091     
   3.5526398942842308        2.8761183645146522     
   3.8123369596010703        3.1242445654724329     
   4.0946748355290756        3.3940028103530020     
   4.0749437611547465        3.3751508586786749     
   4.0093100909773129        3.3124415122477715     
   3.6228515759378319        2.9432017480342560     
   3.8685019499228264        3.1779071113250996     
   3.9426166230461162        3.2487195876034640     
   3.4954668685252535        2.8214926964828293     
   3.7920352158506794        3.1048473707314872     
   4.1645114986362524        3.4607278843664919     
   4.0903556083810511        3.3898760273953066     
   3.9641761746959983        3.2693185483145211     
   3.6562384144640010        2.9751010280487695     
   4.1655248298734886        3.4616960663900374     
   4.4071477017247451        3.6925533738602474     
   4.0220444418692685        3.3246084811144749     
   3.6687911036713028        2.9870944292102788     
   3.9272491322671343        3.2340367990221206     
   4.1541328142851199        3.4508116247589964     
   4.0133228141563029        3.3162754475934917     
   4.3774892858807073        3.6642163957706839     
   3.6404865397987729        2.9600509818964276     
   3.7918773477626604        3.1046965364935843     
   3.9912002412499676        3.2951385511716413     
   3.7316554045492794        3.0471577962479031     
   3.8854924832417961        3.1941406274009903     
   3.5061225234146973        2.8316735861405893     
   3.7221302013496378        3.0380569907367030     
   3.7864465807122425        3.0995077385575627     
   4.1750128717727080        3.4707613663313719     
   3.9324930401535525        3.2390470633485275     
   3.9238733841002658        3.2308114581157330     
   3.6668171667828320        2.9852084415481959     
   3.8003446491520569        3.1127865752606851     
   4.2328121338672942        3.5259853685902942     
   4.2660705846137219        3.5577619811730528     
   4.2487274561825377        3.5411915799438272     
   3.6908676850900179        3.0081873833061512     
   4.0041224872876384        3.3074850434712642     
   3.8165810473197697        3.1282995568559038     
   4.3990335005100443        3.6848007028057848     
   4.1221927073982458        3.4202946169123480     
   4.0022368261661692        3.3056833984284406     
   3.6228515759378319        2.9432017480342560     
   4.1996487881799522        3.4942996236381503     
   3.7195894609362594        3.0356294536152406     
   3.8812625109950405        3.1900991225712616     
   3.9442404115386123        3.2502710278144287     
   3.6751897317272668        2.9932079648751166     
   3.8264705469801958        3.1377484275126477     
   4.6107996362072035        3.8871315480848394     
   4.0230345434474755        3.3255544684819607     
   3.7110504890283802        3.0274709376266120     
   3.9261598747192599        3.2329960736027212     
   4.1912950809174552        3.4863181177846747     
   3.9726124549770163        3.2773789481260867     
   4.0930709502290679        3.3924703865430628     
   4.0783453940528940        3.3784009310159981     
   3.6244662101951284        2.9447444418791422     
   4.2406762319917704        3.5334990799570547     
   4.0021134287121818        3.3055654989772920     
   4.3734045773793451        3.6603136824257088     
   3.6313586373693538        2.9513297753253722     
   4.5122861585440504        3.7930073617915707     
   4.0409443316015050        3.3426662817756392     
   4.1455845058009579        3.4426441881874568     
   4.2581809684486425        3.5502238887280426     
   4.1194969527701035        3.4177189722712380     
   3.7431780303515940        3.0581670287238198     
   4.3988593594303280        3.6846343206231906     
   4.4479934081116852        3.7315791901083579     
   4.2990708619879845        3.5892919233594962     
   4.1516125498297969        3.4484036512844201     
   3.5258492140768416        2.8505213494200685     
   3.9054588701037987        3.2132174071592741     
   4.1923753403301509        3.4873502459829431     
   3.8794685885072973        3.1883851287255731     
   4.2088063550125971        3.5030491729079078     
   3.8686374885062094        3.1780366109547429     
   3.9104818728301991        3.2180166088074782     
   3.8746268237755754        3.1837590899701955     
   3.9736273261286525        3.2783486014527807     
   3.6415005397672826        2.9610198028557662     
   3.6605326949136572        2.9792039758141611     
   3.6984565690081026        3.0154381427007815     
   3.8797146819240664        3.1886202573917717     
