   100000000.00000000     
   100000000.00000000     
   100000000.00000000     
   100000000.00000000     
   100000000.00000000     
   100000000.00000000     
   100000000.00000000     
  0.50348999999999999     
   0.0000000000000000     
  0.50309000000000004     
   0.0000000000000000     
  -120.85299999999999     
   100000000.00000000     
   9.5169999999999995     
  0.11050000000000000     
   72.629099999999994     
   62.042700000000004     
   34.589199999999998     
   52909.733999999997     
  0.21700000000000000     
   1.2700000000000000     
  0.15029999999999999     
  -1.1537199999999999E-002
   2.9319800000000000E-002
   22.754300000000001     
   2.5523199999999999E-002
   1.4200200000000000E-005
   3.3381400000000000E-007
   1.7411600000000001E-005
  -1.1122899999999999E-008
  -5.8193100000000002E-009
   100000000.00000000     
   28.621900000000000     
  0.88910000000000000     
   36.043208999999997     
  -4.0374689999999998     
   11.254200000000001     
  -6.1464400000000001     
   41.570900000000002     
   2.5455999999999999E-002
   42.300100000000000     
   42.277200000000001     
  0.13370000000000001     
  0.10320000000000000     
   2.7000000000000000E-002
  0.19900000000000001     
   100000000.00000000     
  -0.0000000000000000     
   7.0000000000000001E-003
   3.0000000000000001E-003
  0.12200000000000000     
   6.0000000000000001E-003
  0.79200000000000004     
   100000000.00000000     
