         574
         575
         576
         578
         580
         584
         586
         589
         591
         606
         616
         618
         626
         630
         631
         635
         637
         638
         641
         650
         651
         655
         663
         672
         679
         682
         683
         684
         685
         686
         687
         688
         689
         693
         694
         697
         698
         701
         703
         704
         705
         707
         711
         712
         716
         718
         721
         722
         724
         727
         728
         729
         731
         732
         735
         737
         739
         742
         743
