  0.50348999999999999     
  0.49519999999999997     
  0.67820000000000003     
  0.86719999999999997     
  0.79920000000000002     
  0.37129000000000001     
  0.35568000000000000     
  0.28391000000000000     
  0.46690999999999999     
  0.94791000000000003     
  0.69391000000000003     
  0.89790999999999999     
  0.78991000000000000     
  0.59091000000000005     
  0.21020000000000000     
  0.85919999999999996     
  0.55920000000000003     
  0.99719999999999998     
  0.58340000000000003     
  0.79720000000000002     
  0.91420000000000001     
  0.94921000000000000     
  0.73419999999999996     
  0.76619999999999999     
  0.98419999999999996     
  0.70120000000000005     
  0.83716000000000002     
  0.37015999999999999     
  0.35815999999999998     
  0.52215999999999996     
  0.70116000000000001     
  0.74526000000000003     
  0.59116000000000002     
  0.62039000000000000     
   1.0024000000000000     
  0.61040000000000005     
  0.35819000000000001     
  0.45138000000000000     
  0.55239000000000005     
  0.75039000000000000     
  0.82238000000000000     
  0.95038999999999996     
  0.34039000000000003     
  0.81040000000000001     
  0.61190999999999995     
  0.54891000000000001     
   1.0299100000000001     
  0.42291000000000001     
  0.70191000000000003     
  0.68591000000000002     
  0.93291000000000002     
  0.74990999999999997     
  0.46890999999999999     
  0.95991000000000004     
  0.84119999999999995     
  0.56320000000000003     
  0.82920000000000005     
  0.57921000000000000     
  0.86519999999999997     
  0.85919999999999996     
  0.58621000000000001     
  0.48920000000000002     
  0.68920999999999999     
  0.32416000000000000     
  0.18515999999999999     
  0.68115999999999999     
  0.92115999999999998     
  0.42815999999999999     
  0.69916000000000000     
  0.57516000000000000     
  0.51115999999999995     
  0.64115999999999995     
  0.35116000000000003     
  0.34916000000000003     
  0.35486000000000001     
  0.87116000000000005     
  0.92515999999999998     
  0.41940000000000000     
  0.89037999999999995     
  0.48037999999999997     
  0.58038000000000001     
  0.80537999999999998     
  0.66437999999999997     
  0.74538000000000004     
  0.73640000000000005     
  0.37039000000000000     
  0.85038999999999998     
  0.21937999999999999     
  0.64739000000000002     
  0.60038000000000002     
  0.76039000000000001     
  0.47038999999999997     
  0.49791000000000002     
  0.50790999999999997     
  0.58791000000000004     
  0.69991999999999999     
  0.76190999999999998     
  0.78891000000000000     
  0.40590999999999999     
  0.80891999999999997     
  0.58391999999999999     
  0.72091000000000005     
  0.83791000000000004     
  0.80691000000000002     
  0.50016000000000005     
  0.53315999999999997     
  0.82116000000000000     
  0.12515999999999999     
  0.44316000000000000     
  0.68339000000000005     
  0.72638999999999998     
  0.40439000000000003     
  0.69037999999999999     
  0.57638999999999996     
  0.72038999999999997     
  0.55091000000000001     
  0.84889999999999999     
  0.43591000000000002     
  0.30191000000000001     
  0.58118999999999998     
  0.34621000000000002     
  0.33119999999999999     
  0.44939000000000001     
  0.29160000000000003     
  0.46109000000000000     
  0.63290999999999997     
  0.26890999999999998     
  0.92591000000000001     
  0.62590999999999997     
  0.60890999999999995     
  0.57891000000000004     
  0.72019999999999995     
  0.76719999999999999     
  0.36820000000000003     
  0.84919999999999995     
  0.77720999999999996     
  0.58421000000000001     
  0.58919999999999995     
  0.76919999999999999     
  0.51419999999999999     
  0.63821000000000006     
  0.43520999999999999     
  0.58421000000000001     
  0.66259000000000001     
  0.62116000000000005     
  0.41615999999999997     
  0.45117000000000002     
  0.73316000000000003     
  0.74116000000000004     
  0.34916000000000003     
  0.51415999999999995     
  0.64339000000000002     
  0.47039999999999998     
  0.26338000000000000     
  0.74239999999999995     
  0.91039000000000003     
  0.33739999999999998     
  0.98338999999999999     
  0.81337999999999999     
  0.81740000000000002     
  0.96038000000000001     
  0.75639000000000001     
  0.87890999999999997     
  0.80991000000000002     
  0.62790999999999997     
  0.93491000000000002     
  0.69791000000000003     
  0.76790999999999998     
  0.86490999999999996     
  0.51490999999999998     
  0.47091000000000000     
  0.92891000000000001     
  0.63119999999999998     
  0.61619999999999997     
  0.56520000000000004     
  0.55818999999999996     
  0.73619999999999997     
  0.26219999999999999     
  0.76219999999999999     
  0.85919999999999996     
  0.55920000000000003     
  0.48015999999999998     
  0.92115999999999998     
  0.47516000000000003     
  0.89215999999999995     
  0.63116000000000005     
  0.73516000000000004     
  0.41815999999999998     
  0.53515999999999997     
  0.73416000000000003     
  0.60916000000000003     
  0.70116000000000001     
  0.98216000000000003     
  0.75815999999999995     
  0.64339000000000002     
  0.51539000000000001     
  0.80537999999999998     
  0.80039000000000005     
  0.71538000000000002     
  0.76639000000000002     
  0.90139000000000002     
  0.71838999999999997     
  0.57938000000000001     
  0.96038000000000001     
  0.64839000000000002     
  0.93638999999999994     
  0.46138000000000001     
  0.67039000000000004     
  0.24639000000000000     
  0.63892000000000004     
  0.53591000000000000     
  0.77390999999999999     
  0.37091000000000002     
  0.69991999999999999     
  0.37391000000000002     
  0.85390999999999995     
  0.60392000000000001     
  0.53491000000000000     
  0.40090999999999999     
  0.37191000000000002     
  0.84091000000000005     
  0.53215999999999997     
  0.93115999999999999     
  0.55315999999999999     
  0.84116000000000002     
  0.72738999999999998     
  0.44238000000000000     
  0.28239999999999998     
  0.51939999999999997     
   1.0603899999999999     
  0.26838000000000001     
  0.25040000000000001     
  0.69891999999999999     
  0.73090999999999995     
  0.99890999999999996     
  0.40991000000000000     
  0.12694000000000000     
  0.25608999999999998     
   8.8480000000000003E-002
  0.11797000000000001     
  0.18321999999999999     
  0.14069999999999999     
  0.15185999999999999     
   9.4009999999999996E-002
  0.28661999999999999     
  0.26349000000000000     
  0.14310000000000000     
  0.16034999999999999     
  0.12303000000000000     
  0.12608000000000000     
  0.17315000000000000     
  0.16431000000000001     
  0.15989999999999999     
  0.24448000000000000     
  0.24834999999999999     
  0.27544000000000002     
  0.33051000000000003     
  0.33102999999999999     
  0.16059000000000001     
  0.21887000000000001     
  0.11991000000000000     
  0.17838999999999999     
  0.27922999999999998     
  0.18581000000000000     
   6.6510000000000000E-002
  0.25800000000000001     
  0.27979999999999999     
  0.26576000000000000     
  0.18500000000000000     
   5.6309999999999999E-002
  0.32640000000000002     
  0.10886000000000000     
  0.20322999999999999     
  0.37985999999999998     
  0.21160000000000001     
  0.21353000000000000     
  0.14409000000000000     
  0.25248999999999999     
  0.25672000000000000     
  0.21884999999999999     
   7.8909999999999994E-002
   8.2820000000000005E-002
  0.17027999999999999     
  0.23669999999999999     
  0.30569000000000002     
   8.2540000000000002E-002
  0.18890999999999999     
   8.1409999999999996E-002
  0.25655000000000000     
  0.12622000000000000     
  0.10264000000000000     
  0.12454999999999999     
  0.37046000000000001     
  0.20215000000000000     
  0.17990000000000000     
  0.16180000000000000     
  0.22669000000000000     
  0.29682999999999998     
  0.25029000000000001     
  0.14882000000000001     
  0.14729000000000000     
  0.21512999999999999     
  0.14477999999999999     
  0.13242999999999999     
  0.21975000000000000     
  0.38491999999999998     
  0.17399999999999999     
  0.17788999999999999     
  0.29936000000000001     
  0.11845000000000000     
  0.17652999999999999     
  0.24551999999999999     
  0.19611000000000001     
  0.24851999999999999     
  0.30631999999999998     
  0.24637000000000001     
  0.13514000000000001     
  0.21054000000000000     
  0.23630000000000001     
  0.17851000000000000     
  0.22067999999999999     
  0.31494000000000000     
  0.18443000000000001     
  0.26129000000000002     
  0.18123000000000000     
  0.38047999999999998     
  0.18481000000000000     
  0.20846999999999999     
  0.17706000000000000     
  0.31581999999999999     
  0.24973000000000001     
  0.20368000000000000     
  0.12336000000000000     
  0.20318000000000000     
  0.15339000000000000     
  0.33439000000000002     
  0.19580000000000000     
  0.24973000000000001     
  0.15509000000000001     
  0.15595999999999999     
  0.15837000000000001     
  0.30937999999999999     
  0.24857000000000001     
  0.18507000000000001     
  0.18376000000000001     
  0.18079000000000001     
  0.17696000000000001     
  0.17768000000000000     
   7.1529999999999996E-002
  0.13811000000000001     
  0.16960000000000000     
  0.24554999999999999     
  0.14387000000000000     
  0.25191000000000002     
   3.6519999999999997E-002
  0.27749000000000001     
  0.28745999999999999     
  0.19867000000000001     
  0.15998999999999999     
  0.21074999999999999     
  0.23774999999999999     
  0.15517000000000000     
   9.3909999999999993E-002
  0.15271000000000001     
  0.25722000000000000     
  0.21226000000000000     
  0.24540000000000001     
  0.13696000000000000     
  0.32568999999999998     
  0.10638000000000000     
  0.40127000000000002     
  0.18931000000000001     
  0.19725999999999999     
  0.12837000000000001     
  0.12262000000000001     
  0.12715000000000001     
  0.21323000000000000     
  0.21099000000000001     
  0.26856000000000002     
  0.20452999999999999     
  0.27010000000000001     
  0.24185000000000001     
  0.29114000000000001     
  0.35346000000000000     
  0.28543000000000002     
  0.21955000000000000     
  0.17558000000000001     
  0.23541999999999999     
  0.15325000000000000     
  0.21004999999999999     
  0.29135000000000000     
  0.31375999999999998     
  0.13686999999999999     
  0.29566999999999999     
  0.30393999999999999     
  0.20557000000000000     
  0.12189999999999999     
  0.17427999999999999     
  0.24883000000000000     
  0.24557999999999999     
  0.13833000000000001     
  0.24315000000000001     
  0.24267000000000000     
  0.31468000000000002     
  0.27572999999999998     
  0.30041000000000001     
  0.21728000000000000     
  0.20335000000000000     
  0.19025000000000000     
  0.29021000000000002     
  0.22786000000000001     
  0.31064999999999998     
  0.13729000000000000     
   8.7840000000000001E-002
   8.5040000000000004E-002
  0.19009000000000001     
   9.2270000000000005E-002
  0.12903000000000001     
  0.26166000000000000     
  0.26162000000000002     
  0.19422000000000000     
  0.14702999999999999     
  0.21179000000000001     
  0.17957999999999999     
  0.19028999999999999     
  0.33879999999999999     
  0.11741000000000000     
  0.28889999999999999     
  0.26405000000000001     
  0.24961000000000000     
  0.22967000000000001     
   8.5430000000000006E-002
  0.27655999999999997     
  0.36192999999999997     
  0.30020999999999998     
  0.11635000000000000     
  0.15492000000000000     
  0.25036999999999998     
  0.25174000000000002     
  0.12928000000000001     
  0.30929000000000001     
  0.29887999999999998     
  0.27090999999999998     
  0.29353000000000001     
  0.18978999999999999     
  0.12376000000000000     
  0.31287999999999999     
  0.30914999999999998     
  0.20266999999999999     
  0.21163000000000001     
  0.17890000000000000     
  0.30353999999999998     
  0.21457000000000001     
  0.32045000000000001     
  0.21834999999999999     
   7.4889999999999998E-002
  0.25760000000000000     
  0.18468000000000001     
  0.11627999999999999     
   6.4259999999999998E-002
  0.10288000000000000     
   4.3970000000000002E-002
  0.16594999999999999     
  0.16816999999999999     
  0.17063000000000000     
  0.12042000000000000     
  0.13868000000000000     
  0.23380000000000001     
  0.24643000000000001     
  0.22286000000000000     
  0.17915000000000000     
  0.19717999999999999     
  0.22916000000000000     
  0.26451000000000002     
  0.10337000000000000     
  0.21337999999999999     
  0.15653000000000000     
  0.24340000000000001     
  0.23652000000000001     
  0.20852000000000001     
  0.25103999999999999     
  0.22534000000000001     
  0.28742000000000001     
  0.32984000000000002     
  0.24603000000000000     
  0.11966000000000000     
  0.32930999999999999     
  0.21082000000000001     
  0.20308000000000001     
  0.28436000000000000     
  0.18037000000000000     
  0.26069999999999999     
  0.14792000000000000     
  0.32793000000000000     
  0.24206000000000000     
  0.22334000000000001     
  0.18279999999999999     
  0.15304000000000001     
  0.13818000000000000     
  0.20735000000000001     
  0.20313000000000001     
  0.19800999999999999     
  0.22256000000000001     
  0.27339999999999998     
  0.18651000000000001     
  0.15934999999999999     
  0.21934999999999999     
  0.17373000000000000     
  0.24435999999999999     
  0.13353000000000001     
  0.28332000000000002     
  0.17383000000000001     
  0.19653999999999999     
  0.36952000000000002     
  0.20548000000000000     
  0.17357000000000000     
  0.12687999999999999     
  0.28433999999999998     
  0.19392000000000001     
  0.10018000000000001     
  0.37425000000000003     
  0.11771000000000000     
  0.19176000000000001     
  0.23683999999999999     
  0.15898999999999999     
   7.8490000000000004E-002
  0.13864000000000001     
  0.23380999999999999     
  0.15689000000000000     
   8.8059999999999999E-002
  0.13045000000000001     
  0.18203000000000000     
  0.25624999999999998     
  0.21673999999999999     
  0.14532999999999999     
  0.13639000000000001     
  0.20515000000000000     
  0.36975999999999998     
  0.12939999999999999     
  0.26687000000000000     
  0.27822000000000002     
  0.17483000000000001     
  0.11364000000000000     
  0.11242000000000001     
  0.15317000000000000     
  0.19671000000000000     
  0.18914000000000000     
  0.17624999999999999     
  0.21757000000000001     
  0.18562999999999999     
  0.16356000000000001     
  0.25720999999999999     
  0.12164000000000000     
  0.16455000000000000     
  0.19861999999999999     
  0.26821000000000000     
  0.40128000000000003     
  0.14581000000000000     
   5.4899999999999997E-002
  0.22452000000000000     
  0.28655000000000003     
  0.18387999999999999     
  0.10351000000000000     
  0.33135999999999999     
  0.21865000000000001     
  0.26357000000000003     
  0.16284000000000001     
  0.10682999999999999     
  0.16477000000000000     
  0.10750000000000000     
  0.12898999999999999     
   5.8909999999999997E-002
   4.0590000000000001E-002
   1.6469999999999999E-002
   1.5440000000000001E-002
   1.4489999999999999E-002
   2.6759999999999999E-002
   1.7069999999999998E-002
   4.2959999999999998E-002
   1.5959999999999998E-002
   2.4740000000000002E-002
   3.7620000000000001E-002
   3.0310000000000000E-002
   1.0250000000000000E-002
   2.8270000000000000E-002
   1.0449999999999999E-002
   3.6710000000000000E-002
   3.4490000000000000E-002
   1.2239999999999999E-002
   2.4840000000000001E-002
   1.9480000000000001E-002
   3.3799999999999997E-002
   2.9219999999999999E-002
   3.3750000000000002E-002
   4.0160000000000001E-002
   7.4719999999999995E-002
   5.4910000000000000E-002
   2.4190000000000000E-002
   3.3579999999999999E-002
   2.8180000000000000E-002
   3.2129999999999999E-002
   3.3410000000000002E-002
   4.4970000000000003E-002
   4.2049999999999997E-002
   5.5919999999999997E-002
   2.0660000000000001E-002
   3.1539999999999999E-002
   3.9170000000000003E-002
   2.6020000000000001E-002
   2.5899999999999999E-002
   2.6830000000000000E-002
   2.3949999999999999E-002
   5.0970000000000001E-002
   3.8899999999999997E-002
   6.9050000000000000E-002
   1.7729999999999999E-002
   2.5239999999999999E-002
   2.1460000000000000E-002
   3.0790000000000001E-002
   6.8390000000000006E-002
   2.3340000000000000E-002
   4.9209999999999997E-002
   3.0800000000000001E-002
   3.3439999999999998E-002
   4.3619999999999999E-002
   1.4959999999999999E-002
   3.1530000000000002E-002
   3.7120000000000000E-002
   3.5970000000000002E-002
   2.2800000000000001E-002
   1.4080000000000001E-002
   5.8840000000000003E-002
   5.8240000000000000E-002
   6.8839999999999998E-002
   2.1669999999999998E-002
   2.8850000000000001E-002
   2.2980000000000000E-002
   1.5040000000000000E-002
   3.2099999999999997E-002
   6.4159999999999995E-002
   1.6680000000000000E-002
   5.3350000000000002E-002
   3.1850000000000003E-002
   2.6560000000000000E-002
   2.5100000000000001E-002
   2.4190000000000000E-002
   3.6589999999999998E-002
   3.4110000000000001E-002
   2.4530000000000000E-002
   1.7299999999999999E-002
   1.5949999999999999E-002
   3.1559999999999998E-002
   3.7530000000000001E-002
   3.0020000000000002E-002
   1.6809999999999999E-002
   3.5400000000000001E-002
   2.9680000000000002E-002
   4.9430000000000002E-002
   4.1189999999999997E-002
   3.2660000000000002E-002
   2.6620000000000001E-002
   3.0429999999999999E-002
   1.7080000000000001E-002
   7.0290000000000005E-002
   5.3510000000000002E-002
   2.7390000000000001E-002
   3.5130000000000002E-002
   3.2759999999999997E-002
   4.5839999999999999E-002
   6.1429999999999998E-002
   4.6929999999999999E-002
   1.9939999999999999E-002
   3.9590000000000000E-002
   3.6400000000000002E-002
   3.2969999999999999E-002
   2.4660000000000001E-002
   2.8340000000000001E-002
   9.3100000000000006E-003
   2.0500000000000001E-002
   4.7019999999999999E-002
   3.9079999999999997E-002
   1.2430000000000000E-002
   1.2470000000000000E-002
   1.7030000000000000E-002
   2.2120000000000001E-002
   1.5259999999999999E-002
   1.9850000000000000E-002
   1.6209999999999999E-002
   1.1230000000000000E-002
   5.2940000000000001E-002
   3.0519999999999999E-002
   2.9790000000000001E-002
   1.4570000000000000E-002
   1.4619999999999999E-002
   4.6980000000000001E-002
   3.4160000000000003E-002
   1.5559999999999999E-002
   1.4890000000000000E-002
   2.7879999999999999E-002
   3.2950000000000000E-002
   1.3899999999999999E-002
   2.5620000000000000E-002
   1.0420000000000000E-002
   1.6820000000000002E-002
   1.9160000000000000E-002
   4.8340000000000001E-002
   2.1600000000000001E-002
   2.7619999999999999E-002
   5.5489999999999998E-002
   5.6610000000000001E-002
   2.1870000000000001E-002
   1.5150000000000000E-002
   4.2430000000000002E-002
   3.3599999999999998E-002
   3.2849999999999997E-002
   1.3590000000000000E-002
   5.0209999999999998E-002
   1.6930000000000001E-002
   2.4309999999999998E-002
   2.9559999999999999E-002
   1.6109999999999999E-002
   2.1930000000000002E-002
   3.4810000000000001E-002
   1.6729999999999998E-002
   2.7519999999999999E-002
   3.2800000000000003E-002
   1.3129999999999999E-002
   1.6780000000000000E-002
   1.2019999999999999E-002
   5.3890000000000000E-002
   2.0100000000000000E-002
   1.6020000000000000E-002
   2.3619999999999999E-002
   3.1530000000000002E-002
   1.3339999999999999E-002
   3.7990000000000003E-002
   1.5440000000000001E-002
   2.5770000000000001E-002
   2.0449999999999999E-002
   3.6459999999999999E-002
   2.3210000000000001E-002
   1.6020000000000000E-002
   2.1800000000000000E-002
  0.23050000000000001     
  0.38119999999999998     
  0.25340000000000001     
  0.15260000000000001     
  0.43650000000000000     
  0.10230000000000000     
  0.37119999999999997     
  0.46610000000000001     
  0.19589999999999999     
  0.31119999999999998     
   3.1600000000000003E-002
  0.10979999999999999     
  0.22550000000000001     
  0.26040000000000002     
  0.22530000000000000     
  0.44740000000000002     
  0.43990000000000001     
  0.33739999999999998     
  0.52829999999999999     
  0.57609999999999995     
  0.38760000000000000     
  0.35999999999999999     
  0.34699999999999998     
  0.43909999999999999     
  0.34920000000000001     
  0.43049999999999999     
  0.50880000000000003     
  0.28880000000000000     
  0.17269999999999999     
  0.31800000000000000     
  0.27520000000000000     
  0.10299999999999999     
  0.20490000000000000     
  0.26469999999999999     
  0.23480000000000001     
  0.21450000000000000     
  0.42759999999999998     
  0.40189999999999998     
  0.32179999999999997     
  0.45119999999999999     
  0.16120000000000001     
  0.35120000000000001     
  0.24920000000000000     
   8.2199999999999995E-002
  0.10560000000000000     
  0.33270000000000000     
  0.10220000000000000     
  0.29280000000000000     
  0.13260000000000000     
  0.27070000000000000     
  0.10040000000000000     
  0.35360000000000003     
  0.42349999999999999     
  0.30009999999999998     
  0.14760000000000001     
  0.22880000000000000     
  0.13880000000000001     
  0.14360000000000001     
   9.1899999999999996E-002
  0.15679999999999999     
  0.23880000000000001     
  0.14960000000000001     
  0.50780000000000003     
  0.25280000000000002     
  0.28420000000000001     
  0.23680000000000001     
  0.34120000000000000     
  0.26410000000000000     
  0.34899999999999998     
  0.32119999999999999     
  0.13519999999999999     
  0.30649999999999999     
  0.23350000000000001     
  0.30059999999999998     
  0.36759999999999998     
  0.16919999999999999     
   7.9600000000000004E-002
  0.18060000000000001     
  0.18060000000000001     
  0.23069999999999999     
   4.6199999999999998E-002
  0.22120000000000001     
  0.20060000000000000     
   7.5499999999999998E-002
   2.6400000000000000E-002
  0.19120000000000001     
  0.17770000000000000     
  0.18520000000000000     
  0.34910000000000002     
  0.27120000000000000     
  0.29210000000000003     
  0.37040000000000001     
   9.6299999999999997E-002
  0.18079999999999999     
  0.27479999999999999     
  0.24540000000000001     
  0.36180000000000001     
  0.23180000000000001     
  0.14660000000000001     
  0.15920000000000001     
  0.41980000000000001     
  0.31919999999999998     
  0.51959999999999995     
  0.15060000000000001     
  0.30259999999999998     
  0.21060000000000001     
  0.23960000000000001     
  0.33160000000000001     
  0.20060000000000000     
  0.36059999999999998     
  0.24260000000000001     
  0.22120000000000001     
  0.12060000000000000     
  0.34120000000000000     
  0.25040000000000001     
  0.38040000000000002     
  0.31059999999999999     
  0.19939999999999999     
  0.23999999999999999     
  0.50270000000000004     
  0.37009999999999998     
  0.27000000000000002     
  0.26310000000000000     
  0.26800000000000002     
  0.30800000000000000     
  0.25000000000000000     
  0.28039999999999998     
  0.31480000000000002     
  0.32879999999999998     
  0.32969999999999999     
  0.25879999999999997     
  0.22459999999999999     
  0.21020000000000000     
  0.38779999999999998     
  0.30680000000000002     
  0.36520000000000002     
  0.24879999999999999     
  0.29880000000000001     
  0.12379999999999999     
  0.33119999999999999     
  0.38260000000000000     
  0.24060000000000001     
  0.17119999999999999     
  0.20880000000000001     
  0.28960000000000002     
  0.24570000000000000     
  0.13610000000000000     
  0.15049999999999999     
  0.11870000000000000     
  0.24479999999999999     
  0.35030000000000000     
  0.61919999999999997     
  0.21959999999999999     
   9.9400000000000002E-002
  0.40980000000000000     
  0.50249999999999995     
  0.38150000000000001     
  0.27970000000000000     
  0.23069999999999999     
  0.42690000000000000     
  0.55010000000000003     
  0.32529999999999998     
  0.35089999999999999     
  0.32829999999999998     
  0.45040000000000002     
   6.4199999999999993E-002
   6.5500000000000003E-002
  0.31850000000000001     
  0.14530000000000001     
  0.13960000000000000     
  0.42940000000000000     
  0.21659999999999999     
  0.36659999999999998     
  0.38059999999999999     
  0.42059999999999997     
  0.19960000000000000     
  0.51060000000000005     
  0.42670000000000002     
  0.31559999999999999     
  0.57789999999999997     
  0.48120000000000002     
  0.39219999999999999     
  0.17349999999999999     
  0.33019999999999999     
  0.29959999999999998     
  0.22960000000000000     
  0.29270000000000002     
  0.20849999999999999     
  0.27489999999999998     
  0.30320000000000003     
  0.35899999999999999     
  0.35999999999999999     
  0.34899999999999998     
  0.63039999999999996     
  0.32069999999999999     
  0.51000000000000001     
  0.36690000000000000     
  0.13840000000000000     
  0.17920000000000000     
  0.17169999999999999     
  0.27079999999999999     
  0.34730000000000000     
  0.47960000000000003     
  0.31919999999999998     
  0.51919999999999999     
  0.38019999999999998     
  0.37119999999999997     
  0.18079999999999999     
  0.22359999999999999     
  0.14119999999999999     
  0.30549999999999999     
  0.40450000000000003     
  0.28560000000000002     
  0.30120000000000002     
  0.26369999999999999     
  0.50060000000000004     
  0.30509999999999998     
  0.38569999999999999     
  0.19850000000000001     
   9.0600000000000000E-002
  0.47739999999999999     
  0.33119999999999999     
  0.47120000000000001     
  0.33060000000000000     
  0.26069999999999999     
   7.1300000000000002E-002
  0.18120000000000000     
  0.33789999999999998     
  0.12210000000000000     
  0.25009999999999999     
  0.16039999999999999     
  0.29880000000000001     
  0.38919999999999999     
  0.29280000000000000     
  0.32879999999999998     
  0.30559999999999998     
  0.28580000000000000     
  0.42920000000000003     
  0.17920000000000000     
  0.18959999999999999     
  0.24879999999999999     
  0.40960000000000002     
  0.24160000000000001     
  0.33760000000000001     
   7.0599999999999996E-002
  0.34560000000000002     
  0.33060000000000000     
   5.4699999999999999E-002
  0.42309999999999998     
  0.10720000000000000     
  0.28539999999999999     
  0.32540000000000002     
  0.33470000000000000     
  0.29070000000000001     
  0.44040000000000001     
  0.24110000000000001     
  0.46070000000000000     
  0.11940000000000001     
  0.54500000000000004     
  0.41139999999999999     
  0.26879999999999998     
   5.0200000000000002E-002
  0.41180000000000000     
   7.3599999999999999E-002
  0.31879999999999997     
  0.41980000000000001     
  0.42080000000000001     
  0.43919999999999998     
  0.48039999999999999     
  0.19980000000000001     
  0.30180000000000001     
  0.29020000000000001     
  0.30919999999999997     
  0.29559999999999997     
  0.33860000000000001     
  0.37819999999999998     
   8.9599999999999999E-002
  0.45069999999999999     
  0.46039999999999998     
   1.2060000000000000     
   1.3300000000000001     
   1.5400000000000000     
   1.5500000000000000     
   1.7000000000000000     
   1.8000000000000000     
   2.2599999999999998     
   1.9139999999999999     
   1.3000000000000000     
   1.3400000000000001     
   1.0200000000000000     
  0.73499999999999999     
   1.1200000000000001     
   1.2300000000000000     
   1.2300000000000000     
  0.85399999999999998     
   1.3700000000000001     
  0.97519999999999996     
  0.96999999999999997     
  0.73999999999999999     
   1.3899999999999999     
   1.3049999999999999     
  0.93500000000000005     
   1.0140000000000000     
   1.3149999999999999     
   1.0920000000000001     
