 -0.14643539827442664        3.6023109247762752E-002
   3.8773437622807272E-002  -7.3253373899765939E-003
  -8.5276999062996017E-002   2.0884080621771439E-002
  -4.6528560195589819E-002   1.2092161623012743E-002
  0.10290615665835490       -2.1998089984783753E-002
  -6.5893388766845806E-002   1.6560330414937707E-002
 -0.11091043355654251        2.6785031733322195E-002
  -2.0724393887642023E-002   6.2537911794568468E-003
   1.1870524268575711E-003   1.1242171916528987E-003
  -7.7541622710994851E-003   3.2277069462966490E-003
  -7.6224349833619920E-002   1.8883213240504348E-002
  -1.1693848092262371E-003   1.8058502871684534E-003
  -9.6775045834638584E-002   2.3485353303714707E-002
 -0.10540358704309605        2.5445335533872571E-002
  -4.3275582406705482E-003   2.5341030787233154E-003
  -4.3791497716292538E-002   1.0763991702892411E-002
  -4.6821570154899073E-002   1.2182593242750006E-002
  -7.6773664118497287E-002   1.9043282535566197E-002
  -4.9625758511845364E-002   1.2868901773656238E-002
  -7.3920862376128271E-002   1.8398593153552634E-002
 -0.11841298483279328        2.8534729636934764E-002
 -0.11235529775365016        2.7167696892358539E-002
  -7.5152100103447417E-002   1.8641373333704914E-002
 -0.10867686748095218        2.6257447699605918E-002
  -9.5670789012277657E-002   2.3346098534303306E-002
  0.10440769008732587       -2.2310525061502884E-002
   5.2681448535041531E-002  -1.0721007601817045E-002
 -0.11016415040155270        2.6655406356789424E-002
  -5.3544243878242082E-002   1.3743437192294206E-002
  -7.5295854254079808E-002   1.8715872210675222E-002
 -0.10475300606875604        2.5431636158658566E-002
  -9.8033899716203798E-002   2.3863279531941672E-002
  -9.8842279676027545E-002   2.4085599690807813E-002
  -8.1167756509773037E-002   2.0036832938346183E-002
  -8.7062825515634046E-002   2.1361810994352859E-002
 -0.11254748697669292        2.7194424991044908E-002
 -0.11753845043204358        2.8330820279868829E-002
  -3.4548224914409786E-002   9.4002918997704854E-003
  -7.2465098353196256E-002   1.8036259583237624E-002
  -6.6086120255183456E-002   1.6571594311445836E-002
  -6.6303485391400629E-002   1.6630926633786403E-002
   2.2310248543526701E-003   9.8367555146577912E-004
  -9.2407602911217523E-002   2.2426176764733019E-002
   9.8256519979296186E-003  -1.4651774272957108E-003
  -1.9069291108430253E-002   5.6025130427292402E-003
  -5.4211853313481662E-002   1.3255831562194620E-002
 -0.10386659779874563        2.5217864853018190E-002
 -0.11228316526591064        2.7146190385581859E-002
 -0.10075432098163195        2.4334522029155092E-002
  -9.8311897152401517E-002   2.3914023620542735E-002
   5.3409946724690460E-002  -1.0705018439326530E-002
  0.13434457626102558       -2.9180204688847688E-002
   1.8209391374747863E-002  -2.6309038573193444E-003
 -0.10698027599161541        2.5908402388254814E-002
  -3.0262710078150512E-002   8.3958237053430307E-003
  -5.8421837462038662E-002   1.4516991971581183E-002
  -5.6487652929191556E-002   1.4429508249588663E-002
  -8.9266760460380068E-002   2.1847154489169018E-002
  -9.4870613206833321E-002   2.3124304346672675E-002
  -6.7310308650045281E-002   1.6891461199254942E-002
  -6.5618328054358965E-002   1.6504116248315270E-002
  -5.4357107635540913E-002   1.3945398572267786E-002
  -8.9610429111236956E-002   2.1961723585366633E-002
  -8.1893057758415599E-002   2.0219987070822898E-002
  -8.8730488830762511E-002   2.1777247463711125E-002
   8.4362818362524461E-003  -3.9207405319774402E-004
  -7.9459270164011553E-002   1.9647702501877307E-002
  -9.9834764327635384E-002   2.4267739218486961E-002
  -2.3424886260962063E-002   6.8862869259155302E-003
 -0.11445361569713208        2.7634494785663599E-002
  -7.4238988221796864E-002   1.8479129937692074E-002
   6.6946683834791632E-002  -1.3747140766581289E-002
  -4.9882007710897680E-002   1.2904807577628352E-002
  -8.9229133859270782E-002   2.1837945751637888E-002
  -8.2805014658604348E-002   2.0394240561455945E-002
  -5.4610238217716489E-002   1.3977740416771911E-002
  -3.1007347495891624E-002   8.5926651327640213E-003
  -5.6281721104571858E-002   1.4364438509302468E-002
 -0.11002304735483803        2.6567814482219121E-002
  -1.8391084862023455E-002   5.7110264981657943E-003
 -0.11453826063708306        2.7611111329659432E-002
  -6.1039128808818122E-002   1.5066850364723827E-002
  -8.8425502549306145E-002   2.1657564188182710E-002
 -0.11781813574452626        2.8408400940486467E-002
  -7.2708980539894386E-002   1.8106993111408565E-002
 -0.11107227250079310        2.6866698694204438E-002
  -7.2117279715876448E-002   1.7795746194936624E-002
  -8.4675280256390373E-002   2.0809329878661575E-002
  -1.3177552430999828E-002   4.5487999411154556E-003
   4.3271343700413745E-002  -8.3342211751221695E-003
  -7.1725427209313963E-002   1.7898297815202691E-002
  -7.7041291109435583E-002   1.9109665929677888E-002
  -9.1882563932790040E-002   2.2489315491242945E-002
   3.2651164543475275E-002  -5.9195618351291501E-003
  -8.3714477084284367E-002   2.0636272120835963E-002
   6.2595056840605290E-002  -1.2754192261188624E-002
  -5.9603751821919237E-002   1.5130292300554238E-002
  -9.9105554820768660E-003   3.4327713067081045E-003
  -7.7923071402483224E-002   1.9140163941669897E-002
  -2.3731088729676220E-002   6.7075444534022699E-003
  -7.0626324951112540E-002   1.7618512621038251E-002
 -0.10736117087801178        2.5952886420872012E-002
   5.6256515014924569E-002  -1.1832625046119816E-002
  0.10784848873599817       -2.3647590429664689E-002
   7.3490630248362887E-003  -7.1559666896214846E-004
  0.11958075292609294       -2.6386651545296153E-002
   8.9442062518178322E-002  -1.9469822031476430E-002
   7.4892699817742603E-002  -1.6104039271509940E-002
   7.1098836672961019E-002  -1.5262541020706122E-002
   9.6507752894292587E-004   7.8723035505590122E-004
   2.6394987021980620E-002  -5.0495005860289321E-003
  0.11659545548045103       -2.5653992072561582E-002
   5.6137330164743204E-002  -1.1815657394523699E-002
   1.3550875924985384E-002  -2.1869814990009562E-003
  0.12969531852826899       -2.8659648335370130E-002
   4.7867882574061493E-002  -9.9217043524614801E-003
  0.12554883629860714       -2.7711308086982217E-002
   5.7841214749043912E-002  -1.2188707609282978E-002
   9.5309969599632227E-002  -2.0759419223491643E-002
  0.10724088118229325       -2.3501724877347252E-002
  0.10951401900713886       -2.4007691073990589E-002
  0.11788239494594688       -2.5935527592264723E-002
   4.5521859182072744E-002  -9.4023770600080436E-003
   4.1312571959300604E-002  -8.4860177912391421E-003
   8.3518321116409888E-002  -1.8055267087896398E-002
   1.7810735880825490E-003   6.0520740505853876E-004
  0.10638419563837798       -2.3280096569347930E-002
  0.12227474851017639       -2.6934791356432924E-002
  0.13442838675742186       -2.9723240089343572E-002
   8.8749898264378402E-002  -1.9262900965814206E-002
  0.13355782881520994       -2.9524634258968840E-002
   7.7588099253528497E-002  -1.6733680782995447E-002
  0.10915517189963708       -2.3932294563523610E-002
   9.0431226334233061E-002  -1.9622929107098258E-002
  0.12268026541799393       -2.7084390523054863E-002
  0.11985189702662624       -2.6366895253195355E-002
   9.0776549529560491E-002  -1.9742755082965718E-002
  0.12676979660638599       -2.7987903372666711E-002
   8.7709686794778419E-002  -1.8997426543681417E-002
  0.11094688159043753       -2.4323976853044299E-002
   8.4214520339494614E-002  -1.8200927162064007E-002
   9.6124644509943291E-002  -2.0932906819360358E-002
  0.11523250931366191       -2.5324932532722555E-002
  0.10400551048494400       -2.2734146808197242E-002
  0.12244384981901879       -2.6945340019415731E-002
   6.4773653016305666E-002  -1.3742909096310651E-002
   9.8005306131937919E-002  -2.1402402879824006E-002
  -1.0007723967002669E-003   1.2702392851928757E-003
  0.13251021799685381       -2.9259801476598374E-002
  0.11584267675150040       -2.5441962374807170E-002
   9.4756138462940509E-002  -2.0641213474268033E-002
  0.10618168206023970       -2.2651709939590148E-002
  0.10078633754164734       -2.1979382853491186E-002
   1.1472726586401416E-002  -1.0193395715955567E-003
   7.9839730302644574E-002  -1.7203828685883354E-002
  0.12429054299447206       -2.7382406956044575E-002
  0.12455640283004143       -2.7430720442874035E-002
  0.13507751387614730       -2.9863194095779755E-002
   1.5411410260472547E-002  -2.5959513231152975E-003
   2.3519051938349023E-002  -4.3745117242569576E-003
  0.10791505311297933       -2.3624418108937673E-002
  0.10803260043001384       -2.3650184473195279E-002
  0.13515547384179594       -2.9885258850128243E-002
  0.10115673326050079       -2.2075840533261393E-002
   8.7685880143673733E-002  -1.9030782549167430E-002
  0.13555722842413198       -2.9421461427103834E-002
   5.0032991669133331E-002  -9.8363186814272585E-003
   5.5088590805341564E-002  -1.0993498427210036E-002
   2.4468110305506885E-002  -4.0205560214058855E-003
  0.11262020493225777       -2.4720091509965708E-002
  0.10229162333137110       -2.2335690983332990E-002
  0.13250497319955223       -2.9272487421983961E-002
   2.7518832939964266E-002  -5.2907580646560093E-003
  0.10604775027740665       -2.3210621446833696E-002
  0.12293311251960137       -2.7067281347169431E-002
  0.12663080392456827       -2.7933714205191751E-002
  0.13236809252325676       -2.9253430262203672E-002
  0.13204533483927272       -2.9180286099966063E-002
   6.0441637166204161E-154   1.5984505839901849E-319
